1 39452U 13067B   24153.53322597  .00006423  00000+0  20522-3 0  9999
2 39452  87.3419 328.7424 0003129 102.5209 257.6392 15.32258189591363
1 39452U 13067B   24153.53322597  .00006423  00000+0  20522-3 0  9999
2 39452  87.3419 328.7424 0003129 102.5209 257.6392 15.32258189591419
1 39452U 13067B   24154.57815941  .00006999  00000+0  22362-3 0  9996
2 39452  87.3416 328.3662 0003150 101.6579 258.5026 15.32272916591520
1 39452U 13067B   24154.83939132  .00007219  00000+0  23064-3 0  9990
2 39452  87.3415 328.2721 0003163 101.7211 258.4395 15.32276711591617
1 39452U 13067B   24154.90469921  .00007151  00000+0  22845-3 0  9993
2 39452  87.3415 328.2487 0003162 101.6616 258.4990 15.32277537591576
1 39452U 13067B   24155.55777573  .00008002  00000+0  25570-3 0  9994
2 39452  87.3413 328.0136 0003179 101.6758 258.4850 15.32287388591679
1 39452U 13067B   24155.88431246  .00008368  00000+0  26741-3 0  9990
2 39452  87.3413 327.8961 0003187 101.4555 258.7054 15.32292519591721
